29
1             0.3951439584819 
 2             0.149080738215119 
 3             0.148498768346274 
 4             0.132787704467593 
 5             0.525261247471838 
 6             9.09536338601565E-02 
 7             0.124102915689367 
 8             8.19991336653744E-02 
 9             0.137899274191777 
 10            0.100433521473968 
 11            0.241058646741967 
 12            0.577710354879507 
 13            0.559998178081661 
 14            0.115475305120044 
 15            0.159021933167518 
 16            0.15086222895217 
 17            0.101599981914125 
 18            0.215747036048556 
 19            0.472508553407642 
 20            0.492662101747547 
 21            0.438088840279505 
 22            9.03624832811803E-02 
 23            0.081999948548562 
 24            0.60310634172803 
 25            0.40419924689596 
 26            0.193164032688056 
 27            0.166119723202507 
 28            8.19999998647055E-02 
 29            0.530960925130373 
